sop
11
11
11
00
00
00
00
00
00
00
00
00
00
00
00
00
00
00
00
00
00
00
00
00
00
00
00
00
00
00
00
00
00
00
00
00
00
00
00
00
00
00
00
00
00
00
00
00
C0
C2
1C
02
3D
01
00
00
68
03
80
01
00
00
7B
00
00
00
0C
00
00
00
09
00
00
00
00
00
00
00
AE
00
01
C9
00
00
00
00
00
eop
sop
11
11
11
00
00
00
00
00
00
00
00
00
00
00
00
00
00
00
00
00
00
00
00
00
00
00
00
00
00
00
00
00
00
00
00
00
00
00
00
00
00
00
00
00
00
00
00
00
C0
C2
1C
02
3D
01
00
00
68
03
80
01
00
00
7B
00
00
00
0C
00
00
00
09
00
00
00
00
00
00
00
AE
00
01
C9
00
00
00
00
00
eop
